0, 300;
1, 266;
2, 400;
3, 366;
4, 300;
5, 233;
6, 400;
7, 300;
8, 266;
9, 366;
10, 400;
11, 266;
12, 300;
13, 400;
14, 233;
15, 233;
16, 300;
17, 233;
18, 333;
19, 233;
20, 300;
21, 333;
22, 333;
23, 266;
24, 266;
25, 400;
26, 266;
27, 400;
28, 300;
29, 366;
30, 333;
31, 233;
32, 366;
33, 333;
34, 366;
35, 333;
36, 400;
37, 266;
38, 366;
39, 266;
40, 366;
41, 333;
42, 366;
43, 366;
44, 366;
45, 266;
46, 300;
47, 233;
48, 266;
49, 300;
50, 300;
51, 300;
52, 233;
53, 233;
54, 300;
55, 300;
56, 333;
57, 233;
58, 333;
59, 400;
60, 266;
61, 233;
62, 366;
63, 266;
64, 333;
65, 300;
66, 233;
67, 233;
68, 400;
69, 266;
70, 366;
71, 366;
72, 233;
73, 366;
74, 266;
75, 300;
76, 266;
77, 266;
78, 333;
79, 233;
80, 300;
81, 333;
82, 300;
83, 333;
84, 233;
85, 233;
86, 300;
87, 366;
88, 333;
89, 366;
90, 266;
91, 266;
92, 266;
93, 233;
94, 266;
95, 333;
96, 300;
97, 300;
98, 333;
99, 333;
100, 300;
101, 300;
102, 300;
103, 366;
104, 333;
105, 333;
106, 233;
107, 233;
108, 333;
109, 266;
110, 366;
111, 300;
112, 233;
113, 266;
114, 233;
115, 300;
116, 300;
117, 266;
118, 266;
119, 233;
120, 300;
121, 366;
122, 266;
123, 300;
124, 333;
125, 266;
126, 333;
127, 400;
128, 333;
129, 266;
130, 333;
131, 300;
132, 333;
133, 333;
134, 300;
135, 300;
136, 266;
137, 300;
138, 366;
139, 333;
140, 366;
141, 266;
142, 233;
143, 333;
144, 333;
145, 333;
146, 333;
147, 266;
148, 300;
149, 300;
150, 333;
151, 333;
152, 400;
153, 300;
154, 400;
155, 333;
156, 366;
157, 233;
158, 366;
159, 366;
160, 366;
161, 366;
162, 300;
163, 266;
164, 400;
165, 333;
166, 233;
167, 333;
168, 266;
169, 300;
170, 400;
171, 333;
172, 333;
173, 266;
174, 400;
175, 266;
176, 400;
177, 300;
178, 333;
179, 300;
180, 366;
181, 266;
182, 333;
183, 333;
184, 400;
185, 366;
186, 366;
187, 300;
188, 366;
189, 400;
190, 400;
191, 400;
192, 366;
193, 233;
194, 400;
195, 366;
196, 400;
197, 400;
198, 266;
199, 233;
200, 266;
201, 233;
202, 366;
203, 300;
204, 366;
205, 333;
206, 366;
207, 400;
208, 333;
209, 266;
210, 400;
211, 233;
212, 400;
213, 400;
214, 366;
215, 366;
216, 300;
217, 333;
218, 366;
219, 266;
220, 400;
221, 366;
222, 300;
223, 366;
224, 366;
225, 400;
226, 266;
227, 300;
228, 366;
229, 400;
230, 366;
231, 366;
232, 366;
233, 400;
234, 400;
235, 333;
236, 400;
237, 266;
238, 400;
239, 300;
240, 266;
241, 333;
242, 300;
243, 366;
244, 233;
245, 400;
246, 366;
247, 333;
248, 233;
249, 333;
250, 366;
251, 366;
252, 366;
253, 300;
254, 366;
255, 333;
256, 333;
257, 333;
258, 333;
259, 300;
260, 300;
261, 366;
262, 400;
263, 333;
264, 333;
265, 233;
266, 233;
267, 300;
268, 266;
269, 300;
270, 300;
271, 333;
272, 300;
273, 400;
274, 300;
275, 366;
276, 266;
277, 333;
278, 300;
279, 333;
280, 300;
281, 366;
282, 266;
283, 266;
284, 366;
285, 266;
286, 233;
287, 266;
288, 233;
289, 400;
290, 300;
291, 300;
292, 366;
293, 233;
294, 233;
295, 233;
296, 300;
297, 333;
298, 366;
299, 333;
300, 366;
301, 366;
302, 300;
303, 333;
304, 300;
305, 333;
306, 266;
307, 300;
308, 300;
309, 366;
310, 400;
311, 366;
312, 366;
313, 333;
314, 333;
315, 366;
316, 400;
317, 266;
318, 333;
319, 300;
320, 300;
321, 366;
322, 300;
323, 366;
324, 300;
325, 266;
326, 400;
327, 333;
328, 266;
329, 300;
330, 333;
331, 366;
332, 300;
333, 400;
334, 333;
335, 366;
336, 233;
337, 266;
338, 300;
339, 400;
340, 400;
341, 400;
342, 366;
343, 300;
344, 266;
345, 266;
346, 266;
347, 300;
348, 233;
349, 300;
350, 366;
351, 266;
352, 333;
353, 400;
354, 266;
355, 266;
356, 366;
357, 333;
358, 266;
359, 333;
360, 300;
361, 300;
362, 400;
363, 266;
364, 400;
365, 300;
366, 333;
367, 333;
368, 300;
369, 400;
370, 400;
371, 300;
372, 266;
373, 333;
374, 366;
375, 333;
376, 400;
377, 366;
378, 300;
379, 333;
380, 400;
381, 233;
382, 366;
383, 400;
384, 300;
385, 333;
386, 300;
387, 333;
388, 366;
389, 366;
390, 233;
391, 366;
392, 400;
393, 266;
394, 366;
395, 366;
396, 300;
397, 266;
398, 333;
399, 300;
400, 366;
401, 366;
402, 400;
403, 366;
404, 366;
405, 233;
406, 333;
407, 233;
408, 333;
409, 366;
410, 233;
411, 400;
412, 233;
413, 400;
414, 400;
415, 400;
416, 233;
417, 333;
418, 300;
419, 400;
420, 333;
421, 366;
422, 266;
423, 366;
424, 300;
425, 366;
426, 400;
427, 366;
428, 266;
429, 366;
430, 400;
431, 366;
432, 366;
433, 333;
434, 333;
435, 266;
436, 333;
437, 400;
438, 266;
439, 233;
440, 400;
441, 400;
442, 366;
443, 300;
444, 266;
445, 366;
446, 366;
447, 366;
448, 333;
449, 366;
450, 233;
451, 300;
452, 300;
453, 400;
454, 400;
455, 366;
456, 366;
457, 333;
458, 266;
459, 300;
460, 233;
461, 300;
462, 400;
463, 300;
464, 300;
465, 400;
466, 266;
467, 333;
468, 300;
469, 400;
470, 300;
471, 233;
472, 366;
473, 366;
474, 266;
475, 333;
476, 266;
477, 366;
478, 266;
479, 400;
480, 233;
481, 400;
482, 300;
483, 333;
484, 333;
485, 300;
486, 233;
487, 366;
488, 333;
489, 233;
490, 266;
491, 366;
492, 333;
493, 266;
494, 333;
495, 400;
496, 333;
497, 366;
498, 400;
499, 366;
500, 233;
501, 333;
502, 366;
503, 400;
504, 233;
505, 400;
506, 266;
507, 300;
508, 366;
509, 366;
510, 333;
511, 400;
512, 400;
513, 300;
514, 300;
515, 366;
516, 400;
517, 366;
518, 333;
519, 400;
520, 400;
521, 366;
522, 233;
523, 400;
524, 366;
525, 333;
526, 366;
527, 366;
528, 400;
529, 266;
530, 400;
531, 333;
532, 300;
533, 333;
534, 333;
535, 266;
536, 366;
537, 266;
538, 366;
539, 333;
540, 233;
541, 266;
542, 333;
543, 400;
544, 366;
545, 266;
546, 400;
547, 400;
548, 233;
549, 400;
550, 333;
551, 233;
552, 333;
553, 366;
554, 400;
555, 333;
556, 366;
557, 300;
558, 366;
559, 300;
560, 233;
561, 300;
562, 300;
563, 300;
564, 266;
