0, 2443;
1, 2436;
2, 2450;
3, 2609;
4, 2337;
5, 2331;
6, 2850;
7, 2566;
8, 2558;
9, 2529;
10, 2343;
11, 3134;
12, 2650;
13, 2335;
14, 3135;
15, 2482;
16, 2311;
17, 2412;
18, 2622;
19, 3135;
20, 2652;
21, 2614;
22, 2480;
23, 2304;
24, 2725;
25, 2456;
26, 2716;
27, 2378;
28, 2712;
29, 2449;
30, 2268;
31, 2497;
32, 2494;
33, 2293;
34, 2312;
35, 2323;
36, 2277;
37, 2336;
38, 2246;
39, 2307;
40, 2492;
41, 2314;
42, 2484;
43, 2662;
44, 2347;
45, 2275;
46, 2410;
47, 2663;
48, 2627;
49, 2617;
50, 3156;
51, 2156;
52, 2531;
53, 2154;
54, 2464;
55, 2637;
56, 2619;
57, 3155;
58, 2633;
59, 2190;
60, 2503;
61, 2487;
62, 2490;
63, 3162;
64, 2505;
65, 2218;
66, 2488;
67, 2543;
68, 2409;
69, 2461;
70, 2535;
71, 2548;
72, 2452;
73, 2191;
74, 2517;
75, 2505;
76, 2412;
77, 2491;
78, 2339;
79, 2245;
80, 2136;
81, 2100;
82, 2280;
83, 2273;
84, 2414;
85, 2252;
86, 2399;
87, 2313;
88, 2082;
89, 2131;
90, 2311;
91, 2217;
92, 2055;
93, 2101;
94, 3174;
95, 2191;
96, 2275;
97, 2614;
98, 2102;
99, 2246;
100, 2081;
101, 2132;
102, 2104;
103, 2083;
104, 2193;
105, 2081;
106, 2105;
107, 2149;
108, 2102;
109, 2053;
110, 3182;
111, 2353;
112, 2305;
113, 1919;
114, 1912;
115, 3171;
116, 3032;
117, 1838;
118, 1829;
119, 1802;
120, 2793;
121, 3176;
122, 3105;
123, 3177;
124, 3191;
125, 3171;
126, 2855;
127, 2002;
128, 2978;
129, 1535;
130, 3113;
131, 1549;
132, 1492;
133, 1517;
134, 3117;
135, 1544;
136, 2984;
137, 1558;
138, 3117;
139, 1396;
140, 1514;
141, 2988;
142, 1404;
143, 2930;
144, 3125;
145, 1643;
146, 1668;
147, 2993;
148, 2993;
149, 3132;
150, 1728;
151, 1751;
152, 1505;
153, 1768;
154, 3137;
155, 1615;
156, 3141;
157, 1841;
158, 3143;
159, 1844;
160, 1720;
161, 1924;
162, 1932;
163, 1941;
164, 1496;
165, 1954;
166, 1960;
167, 3146;
168, 1969;
169, 1980;
170, 1941;
171, 3148;
172, 1990;
173, 3082;
174, 1607;
175, 2031;
176, 1924;
177, 1995;
178, 2044;
179, 3160;
180, 1714;
181, 2106;
182, 3160;
183, 2143;
184, 1820;
185, 2173;
186, 2184;
187, 2194;
188, 2203;
189, 1599;
190, 1708;
191, 2021;
192, 1816;
193, 1919;
194, 1704;
195, 2020;
196, 2118;
197, 1812;
198, 1293;
199, 1230;
200, 1228;
201, 2484;
202, 2307;
203, 2020;
204, 1697;
205, 2399;
206, 2486;
207, 2215;
208, 1915;
209, 2575;
210, 1576;
211, 1207;
212, 2016;
213, 2796;
214, 1690;
215, 1566;
216, 1356;
217, 1591;
218, 2117;
219, 2741;
220, 1631;
221, 1633;
222, 1365;
223, 1644;
224, 1627;
225, 1801;
226, 1418;
227, 1354;
228, 1545;
229, 1269;
230, 2216;
231, 2821;
232, 2947;
233, 1447;
234, 1275;
235, 1423;
236, 1673;
237, 1330;
238, 1716;
239, 1345;
240, 1910;
241, 1416;
242, 2977;
243, 1798;
244, 1734;
245, 2987;
246, 1773;
247, 1703;
248, 1836;
249, 1645;
250, 1582;
251, 1484;
252, 1847;
253, 1698;
254, 2665;
255, 1715;
256, 1467;
257, 1516;
258, 1752;
259, 1691;
260, 1413;
261, 1881;
262, 2015;
263, 1891;
264, 1866;
265, 1620;
266, 1908;
267, 1890;
268, 1684;
269, 1869;
270, 1547;
271, 1776;
272, 1734;
273, 3015;
274, 1792;
275, 1808;
276, 1952;
277, 3059;
278, 1851;
279, 1866;
280, 1664;
281, 1943;
282, 1738;
283, 1327;
284, 1887;
285, 1703;
286, 3070;
287, 1960;
288, 1534;
289, 1586;
290, 1709;
291, 1746;
292, 1501;
293, 1495;
294, 1479;
295, 1852;
296, 3088;
297, 1658;
298, 1675;
299, 2013;
300, 2496;
301, 1584;
302, 3097;
303, 1509;
304, 1847;
305, 1932;
306, 1720;
307, 1984;
308, 1741;
309, 1346;
310, 2828;
311, 1671;
312, 2030;
313, 1629;
314, 2155;
315, 2140;
316, 1661;
317, 1546;
318, 3089;
319, 1963;
320, 2046;
321, 2056;
322, 1943;
323, 1510;
324, 1974;
325, 1450;
326, 1736;
327, 2184;
328, 1919;
329, 1608;
330, 1577;
331, 1653;
332, 2056;
333, 2585;
334, 2160;
335, 2040;
336, 1892;
337, 1630;
338, 1951;
339, 1770;
340, 1719;
341, 3161;
342, 1675;
343, 2185;
344, 1972;
345, 3170;
346, 1226;
347, 2252;
348, 1590;
349, 2097;
350, 2246;
351, 1998;
352, 1534;
353, 1893;
354, 3182;
355, 1460;
356, 2288;
357, 2268;
358, 2015;
359, 2089;
360, 3195;
361, 1759;
362, 3157;
363, 2987;
364, 2244;
365, 1214;
366, 2265;
367, 1736;
368, 1899;
369, 1526;
370, 1565;
371, 2119;
372, 1582;
373, 2156;
374, 2055;
375, 1605;
376, 1574;
377, 1589;
378, 1783;
379, 1597;
380, 1896;
381, 2410;
382, 1952;
383, 2176;
384, 1759;
385, 2094;
386, 1460;
387, 2242;
388, 1538;
389, 1919;
390, 1484;
391, 2296;
392, 2140;
393, 1607;
394, 2376;
395, 2198;
396, 2112;
397, 1947;
398, 1738;
399, 2128;
400, 1965;
401, 1998;
402, 1510;
403, 1717;
404, 2341;
405, 1292;
406, 2358;
407, 1296;
408, 1737;
409, 2283;
410, 1536;
411, 2500;
412, 1487;
413, 2017;
414, 2837;
415, 1501;
416, 1671;
417, 1581;
418, 2394;
419, 3136;
420, 1449;
421, 2345;
422, 1409;
423, 1553;
424, 1569;
425, 2408;
426, 2262;
427, 1619;
428, 1345;
429, 1650;
430, 2089;
431, 2280;
432, 1680;
433, 1476;
434, 1495;
435, 1542;
436, 1587;
437, 1415;
438, 1382;
439, 1555;
440, 1641;
441, 2918;
442, 1574;
443, 2197;
444, 1648;
445, 2406;
446, 2302;
447, 1550;
448, 1486;
449, 1397;
450, 1522;
451, 1413;
452, 1454;
453, 1615;
454, 2243;
455, 2347;
456, 2165;
457, 2384;
458, 1640;
459, 2302;
460, 1406;
461, 1397;
462, 1496;
463, 1576;
464, 1607;
465, 2678;
466, 2253;
467, 1668;
468, 2243;
469, 1903;
470, 2311;
471, 1475;
472, 2232;
473, 2379;
474, 1334;
475, 3074;
476, 1496;
477, 1467;
478, 2360;
479, 2344;
480, 1352;
481, 1546;
482, 1458;
483, 3149;
484, 1478;
485, 1437;
486, 2508;
487, 1354;
488, 1646;
489, 1572;
490, 2118;
491, 1266;
492, 1484;
493, 1492;
494, 1636;
495, 1520;
496, 1379;
497, 1623;
498, 1274;
499, 1610;
500, 1547;
501, 2598;
502, 1515;
503, 1554;
504, 1448;
505, 1530;
506, 1317;
507, 1218;
508, 1784;
509, 1501;
510, 1461;
511, 1439;
512, 2684;
513, 1457;
514, 1491;
515, 1539;
516, 1384;
517, 3084;
518, 1898;
519, 1468;
520, 1530;
521, 1498;
522, 1379;
523, 2415;
524, 1464;
525, 2512;
526, 2941;
527, 1658;
528, 2219;
529, 2694;
530, 1455;
531, 3098;
532, 1780;
533, 3177;
534, 1407;
535, 1370;
536, 1417;
537, 1378;
538, 1891;
539, 1406;
540, 2866;
541, 2005;
542, 1470;
543, 1480;
544, 2949;
545, 1619;
546, 2114;
547, 1527;
548, 3030;
549, 1601;
550, 1485;
551, 1475;
552, 1444;
553, 1498;
554, 2221;
555, 2700;
556, 1406;
557, 1650;
558, 1564;
559, 1590;
560, 1457;
561, 1320;
562, 1578;
563, 2789;
564, 1428;
