0, 62;
1, 62;
2, 63;
3, 64;
4, 61;
5, 61;
6, 67;
7, 64;
8, 64;
9, 63;
10, 61;
11, 71;
12, 65;
13, 61;
14, 71;
15, 63;
16, 61;
17, 62;
18, 65;
19, 71;
20, 65;
21, 64;
22, 63;
23, 61;
24, 66;
25, 63;
26, 66;
27, 62;
28, 66;
29, 62;
30, 60;
31, 63;
32, 63;
33, 61;
34, 61;
35, 61;
36, 60;
37, 61;
38, 60;
39, 61;
40, 63;
41, 61;
42, 63;
43, 65;
44, 61;
45, 60;
46, 62;
47, 65;
48, 65;
49, 65;
50, 71;
51, 59;
52, 63;
53, 59;
54, 63;
55, 65;
56, 65;
57, 71;
58, 65;
59, 59;
60, 63;
61, 63;
62, 63;
63, 71;
64, 63;
65, 60;
66, 63;
67, 64;
68, 62;
69, 63;
70, 64;
71, 64;
72, 63;
73, 59;
74, 63;
75, 63;
76, 62;
77, 63;
78, 61;
79, 60;
80, 59;
81, 58;
82, 60;
83, 60;
84, 62;
85, 60;
86, 62;
87, 61;
88, 58;
89, 59;
90, 61;
91, 60;
92, 58;
93, 58;
94, 71;
95, 59;
96, 60;
97, 64;
98, 58;
99, 60;
100, 58;
101, 59;
102, 58;
103, 58;
104, 59;
105, 58;
106, 58;
107, 59;
108, 58;
109, 58;
110, 71;
111, 61;
112, 61;
113, 56;
114, 56;
115, 71;
116, 69;
117, 55;
118, 55;
119, 55;
120, 67;
121, 71;
122, 70;
123, 71;
124, 71;
125, 71;
126, 67;
127, 57;
128, 69;
129, 52;
130, 70;
131, 52;
132, 51;
133, 51;
134, 71;
135, 52;
136, 69;
137, 52;
138, 71;
139, 50;
140, 51;
141, 69;
142, 50;
143, 68;
144, 71;
145, 53;
146, 53;
147, 69;
148, 69;
149, 71;
150, 54;
151, 54;
152, 51;
153, 54;
154, 71;
155, 52;
156, 71;
157, 55;
158, 71;
159, 55;
160, 54;
161, 56;
162, 56;
163, 56;
164, 51;
165, 57;
166, 57;
167, 71;
168, 57;
169, 57;
170, 56;
171, 71;
172, 57;
173, 70;
174, 52;
175, 57;
176, 56;
177, 57;
178, 58;
179, 71;
180, 54;
181, 58;
182, 71;
183, 59;
184, 55;
185, 59;
186, 59;
187, 59;
188, 60;
189, 52;
190, 54;
191, 57;
192, 55;
193, 56;
194, 54;
195, 57;
196, 59;
197, 55;
198, 49;
199, 48;
200, 48;
201, 63;
202, 61;
203, 57;
204, 53;
205, 62;
206, 63;
207, 60;
208, 56;
209, 64;
210, 52;
211, 48;
212, 57;
213, 67;
214, 53;
215, 52;
216, 49;
217, 52;
218, 59;
219, 66;
220, 53;
221, 53;
222, 49;
223, 53;
224, 53;
225, 55;
226, 50;
227, 49;
228, 52;
229, 48;
230, 60;
231, 67;
232, 68;
233, 50;
234, 48;
235, 50;
236, 53;
237, 49;
238, 54;
239, 49;
240, 56;
241, 50;
242, 69;
243, 55;
244, 54;
245, 69;
246, 54;
247, 54;
248, 55;
249, 53;
250, 52;
251, 51;
252, 55;
253, 53;
254, 65;
255, 54;
256, 51;
257, 51;
258, 54;
259, 53;
260, 50;
261, 56;
262, 57;
263, 56;
264, 55;
265, 53;
266, 56;
267, 56;
268, 53;
269, 56;
270, 52;
271, 54;
272, 54;
273, 69;
274, 55;
275, 55;
276, 57;
277, 70;
278, 55;
279, 55;
280, 53;
281, 56;
282, 54;
283, 49;
284, 56;
285, 54;
286, 70;
287, 57;
288, 52;
289, 52;
290, 54;
291, 54;
292, 51;
293, 51;
294, 51;
295, 55;
296, 70;
297, 53;
298, 53;
299, 57;
300, 63;
301, 52;
302, 70;
303, 51;
304, 55;
305, 56;
306, 54;
307, 57;
308, 54;
309, 49;
310, 67;
311, 53;
312, 57;
313, 53;
314, 59;
315, 59;
316, 53;
317, 52;
318, 70;
319, 57;
320, 58;
321, 58;
322, 56;
323, 51;
324, 57;
325, 51;
326, 54;
327, 59;
328, 56;
329, 52;
330, 52;
331, 53;
332, 58;
333, 64;
334, 59;
335, 58;
336, 56;
337, 53;
338, 57;
339, 54;
340, 54;
341, 71;
342, 53;
343, 59;
344, 57;
345, 71;
346, 48;
347, 60;
348, 52;
349, 58;
350, 60;
351, 57;
352, 52;
353, 56;
354, 71;
355, 51;
356, 61;
357, 60;
358, 57;
359, 58;
360, 71;
361, 54;
362, 71;
363, 69;
364, 60;
365, 48;
366, 60;
367, 54;
368, 56;
369, 51;
370, 52;
371, 59;
372, 52;
373, 59;
374, 58;
375, 52;
376, 52;
377, 52;
378, 55;
379, 52;
380, 56;
381, 62;
382, 57;
383, 59;
384, 54;
385, 58;
386, 51;
387, 60;
388, 52;
389, 56;
390, 51;
391, 61;
392, 59;
393, 52;
394, 62;
395, 59;
396, 58;
397, 56;
398, 54;
399, 59;
400, 57;
401, 57;
402, 51;
403, 54;
404, 61;
405, 49;
406, 61;
407, 49;
408, 54;
409, 61;
410, 52;
411, 63;
412, 51;
413, 57;
414, 67;
415, 51;
416, 53;
417, 52;
418, 62;
419, 71;
420, 50;
421, 61;
422, 50;
423, 52;
424, 52;
425, 62;
426, 60;
427, 53;
428, 49;
429, 53;
430, 58;
431, 60;
432, 53;
433, 51;
434, 51;
435, 52;
436, 52;
437, 50;
438, 50;
439, 52;
440, 53;
441, 68;
442, 52;
443, 59;
444, 53;
445, 62;
446, 61;
447, 52;
448, 51;
449, 50;
450, 51;
451, 50;
452, 51;
453, 52;
454, 60;
455, 61;
456, 59;
457, 62;
458, 53;
459, 61;
460, 50;
461, 50;
462, 51;
463, 52;
464, 52;
465, 65;
466, 60;
467, 53;
468, 60;
469, 56;
470, 61;
471, 51;
472, 60;
473, 62;
474, 49;
475, 70;
476, 51;
477, 51;
478, 61;
479, 61;
480, 49;
481, 52;
482, 51;
483, 71;
484, 51;
485, 50;
486, 63;
487, 49;
488, 53;
489, 52;
490, 59;
491, 48;
492, 51;
493, 51;
494, 53;
495, 51;
496, 50;
497, 53;
498, 48;
499, 52;
500, 52;
501, 64;
502, 51;
503, 52;
504, 50;
505, 51;
506, 49;
507, 48;
508, 55;
509, 51;
510, 51;
511, 50;
512, 65;
513, 51;
514, 51;
515, 52;
516, 50;
517, 70;
518, 56;
519, 51;
520, 51;
521, 51;
522, 50;
523, 62;
524, 51;
525, 63;
526, 68;
527, 53;
528, 60;
529, 65;
530, 51;
531, 70;
532, 54;
533, 71;
534, 50;
535, 50;
536, 50;
537, 50;
538, 56;
539, 50;
540, 67;
541, 57;
542, 51;
543, 51;
544, 68;
545, 53;
546, 58;
547, 51;
548, 69;
549, 52;
550, 51;
551, 51;
552, 50;
553, 51;
554, 60;
555, 66;
556, 50;
557, 53;
558, 52;
559, 52;
560, 51;
561, 49;
562, 52;
563, 67;
564, 50;
