0, 110;
1, 68;
2, 95;
3, 73;
4, 110;
5, 66;
6, 95;
7, 70;
8, 108;
9, 73;
10, 95;
11, 68;
12, 110;
13, 75;
14, 86;
15, 66;
16, 110;
17, 66;
18, 91;
19, 66;
20, 110;
21, 71;
22, 91;
23, 68;
24, 108;
25, 75;
26, 88;
27, 75;
28, 110;
29, 73;
30, 91;
31, 66;
32, 113;
33, 71;
34, 93;
35, 71;
36, 115;
37, 68;
38, 93;
39, 68;
40, 113;
41, 71;
42, 93;
43, 73;
44, 113;
45, 68;
46, 90;
47, 66;
48, 108;
49, 70;
50, 90;
51, 70;
52, 106;
53, 66;
54, 90;
55, 70;
56, 111;
57, 66;
58, 91;
59, 75;
60, 108;
61, 66;
62, 93;
63, 68;
64, 111;
65, 70;
66, 86;
67, 66;
68, 115;
69, 68;
70, 93;
71, 73;
72, 106;
73, 73;
74, 88;
75, 70;
76, 108;
77, 68;
78, 91;
79, 66;
80, 110;
81, 71;
82, 90;
83, 71;
84, 106;
85, 66;
86, 90;
87, 73;
88, 111;
89, 73;
90, 88;
91, 68;
92, 108;
93, 66;
94, 88;
95, 71;
96, 110;
97, 70;
98, 91;
99, 71;
100, 110;
101, 70;
102, 90;
103, 73;
104, 111;
105, 71;
106, 86;
107, 66;
108, 111;
109, 68;
110, 93;
111, 70;
112, 106;
113, 68;
114, 86;
115, 70;
116, 110;
117, 68;
118, 88;
119, 66;
120, 110;
121, 73;
122, 88;
123, 70;
124, 111;
125, 68;
126, 91;
127, 75;
128, 111;
129, 68;
130, 91;
131, 70;
132, 111;
133, 71;
134, 90;
135, 70;
136, 108;
137, 70;
138, 93;
139, 71;
140, 113;
141, 68;
142, 86;
143, 71;
144, 111;
145, 71;
146, 91;
147, 68;
148, 110;
149, 70;
150, 91;
151, 71;
152, 115;
153, 70;
154, 95;
155, 71;
156, 113;
157, 66;
158, 93;
159, 73;
160, 113;
161, 73;
162, 90;
163, 68;
164, 115;
165, 71;
166, 86;
167, 71;
168, 108;
169, 70;
170, 95;
171, 71;
172, 111;
173, 68;
174, 95;
175, 68;
176, 115;
177, 70;
178, 91;
179, 70;
180, 113;
181, 68;
182, 91;
183, 71;
184, 115;
185, 73;
186, 93;
187, 70;
188, 113;
189, 75;
190, 95;
191, 75;
192, 113;
193, 66;
194, 95;
195, 73;
196, 115;
197, 75;
198, 88;
199, 66;
200, 108;
201, 66;
202, 93;
203, 70;
204, 113;
205, 71;
206, 93;
207, 75;
208, 111;
209, 68;
210, 95;
211, 66;
212, 115;
213, 75;
214, 93;
215, 73;
216, 110;
217, 71;
218, 93;
219, 68;
220, 115;
221, 73;
222, 90;
223, 73;
224, 113;
225, 75;
226, 88;
227, 70;
228, 113;
229, 75;
230, 93;
231, 73;
232, 113;
233, 75;
234, 95;
235, 71;
236, 115;
237, 68;
238, 95;
239, 70;
240, 108;
241, 71;
242, 90;
243, 73;
244, 106;
245, 75;
246, 93;
247, 71;
248, 106;
249, 71;
250, 93;
251, 73;
252, 113;
253, 70;
254, 93;
255, 71;
256, 111;
257, 71;
258, 91;
259, 70;
260, 110;
261, 73;
262, 95;
263, 71;
264, 111;
265, 66;
266, 86;
267, 70;
268, 108;
269, 70;
270, 90;
271, 71;
272, 110;
273, 75;
274, 90;
275, 73;
276, 108;
277, 71;
278, 90;
279, 71;
280, 110;
281, 73;
282, 88;
283, 68;
284, 113;
285, 68;
286, 86;
287, 68;
288, 106;
289, 75;
290, 90;
291, 70;
292, 113;
293, 66;
294, 86;
295, 66;
296, 110;
297, 71;
298, 93;
299, 71;
300, 113;
301, 73;
302, 90;
303, 71;
304, 110;
305, 71;
306, 88;
307, 70;
308, 110;
309, 73;
310, 95;
311, 73;
312, 113;
313, 71;
314, 91;
315, 73;
316, 115;
317, 68;
318, 91;
319, 70;
320, 110;
321, 73;
322, 90;
323, 73;
324, 110;
325, 68;
326, 95;
327, 71;
328, 108;
329, 70;
330, 91;
331, 73;
332, 110;
333, 75;
334, 91;
335, 73;
336, 106;
337, 68;
338, 90;
339, 75;
340, 115;
341, 75;
342, 93;
343, 70;
344, 108;
345, 68;
346, 88;
347, 70;
348, 106;
349, 70;
350, 93;
351, 68;
352, 111;
353, 75;
354, 88;
355, 68;
356, 113;
357, 71;
358, 88;
359, 71;
360, 110;
361, 70;
362, 95;
363, 68;
364, 115;
365, 70;
366, 91;
367, 71;
368, 110;
369, 75;
370, 95;
371, 70;
372, 108;
373, 71;
374, 93;
375, 71;
376, 115;
377, 73;
378, 90;
379, 71;
380, 115;
381, 66;
382, 93;
383, 75;
384, 110;
385, 71;
386, 90;
387, 71;
388, 113;
389, 73;
390, 86;
391, 73;
392, 115;
393, 68;
394, 93;
395, 73;
396, 110;
397, 68;
398, 91;
399, 70;
400, 113;
401, 73;
402, 95;
403, 73;
404, 113;
405, 66;
406, 91;
407, 66;
408, 111;
409, 73;
410, 86;
411, 75;
412, 106;
413, 75;
414, 95;
415, 75;
416, 106;
417, 71;
418, 90;
419, 75;
420, 111;
421, 73;
422, 88;
423, 73;
424, 110;
425, 73;
426, 95;
427, 73;
428, 108;
429, 73;
430, 95;
431, 73;
432, 113;
433, 71;
434, 91;
435, 68;
436, 111;
437, 75;
438, 88;
439, 66;
440, 115;
441, 75;
442, 93;
443, 70;
444, 108;
445, 73;
446, 93;
447, 73;
448, 111;
449, 73;
450, 86;
451, 70;
452, 110;
453, 75;
454, 95;
455, 73;
456, 113;
457, 71;
458, 88;
459, 70;
460, 106;
461, 70;
462, 95;
463, 70;
464, 110;
465, 75;
466, 88;
467, 71;
468, 110;
469, 75;
470, 90;
471, 66;
472, 113;
473, 73;
474, 88;
475, 71;
476, 108;
477, 73;
478, 88;
479, 75;
480, 106;
481, 75;
482, 90;
483, 71;
484, 111;
485, 70;
486, 86;
487, 73;
488, 111;
489, 66;
490, 88;
491, 73;
492, 111;
493, 68;
494, 91;
495, 75;
496, 111;
497, 73;
498, 95;
499, 73;
500, 106;
501, 71;
502, 93;
503, 75;
504, 106;
505, 75;
506, 88;
507, 70;
508, 113;
509, 73;
510, 91;
511, 75;
512, 115;
513, 70;
514, 90;
515, 73;
516, 115;
517, 73;
518, 91;
519, 75;
520, 115;
521, 73;
522, 86;
523, 75;
524, 113;
525, 71;
526, 93;
527, 73;
528, 115;
529, 68;
530, 95;
531, 71;
532, 110;
533, 71;
534, 91;
535, 68;
536, 113;
537, 68;
538, 93;
539, 71;
540, 106;
541, 68;
542, 91;
543, 75;
544, 113;
545, 68;
546, 95;
547, 75;
548, 106;
549, 75;
550, 91;
551, 66;
552, 111;
553, 73;
554, 95;
555, 71;
556, 113;
557, 70;
558, 93;
559, 70;
560, 106;
561, 70;
562, 90;
563, 70;
564, 108;
